-22.212422739148383   150.60802191997232

-19.087654999923995    164.84630316997232

-15.564407471910089  172.93224066997232

-10.51438008864445    -179.24549370502768

1.15406113129936  -170.6211479303206

5.714951684115771   -163.7656791803206

9.373759682391906   -157.6133354303206

13.507714283708626    -156.2070854303206

-156.2070854303206    -155.5039604303206

21.136281313034196   -149.7031791803206

23.976739756486577   -143.5508354303206

28.54643057685505     -135.28911668032063

32.25975143324866    -127.9063041803206

37.449152854579566    -122.6328666803206
